D:\anaconda\envs\dhn\python.exe D:\fitting\gen_data_memm2.py 
make strainFalse
[[ 0.        ]
 [ 0.        ]
 [ 0.        ]
 ...
 [ 0.00220772]
 [-0.00826584]
 [ 0.        ]] (4707, 1) float64
[[ 0.        ]
 [ 0.004     ]
 [ 0.004     ]
 ...
 [ 0.00458075]
 [-0.0084432 ]
 [ 0.00220772]] (1569, 1) float64
912
912
(1,)
Using 27 workers, 114 chunks, chunk_size=8
(1430928, 9) [[ 2.58476047e-21 -1.20271096e-35  4.55891268e-35 -5.97162489e-35
   2.58476047e-21 -8.57436056e-36  3.45290491e-35 -8.53964765e-36
   2.58476047e-21]
 [ 2.58476047e-21 -1.79838095e-26  4.55916914e-35 -5.97168038e-35
   2.58494419e-21 -8.57413859e-36 -4.59291990e-25 -4.49595207e-26
   2.58494419e-21]
 [ 2.58476047e-21 -1.79838095e-26  4.55916914e-35 -5.97162489e-35
   2.58494419e-21 -8.57413859e-36  3.45290491e-35 -8.54086521e-36
   2.58494419e-21]
 [ 2.58476883e-21 -1.59238721e-26  4.55913854e-35 -8.53774560e-26
   2.58492315e-21 -8.57473412e-36 -4.59291990e-25 -4.49595207e-26
   2.58493150e-21]
 [ 2.58477527e-21 -1.02159677e-26  4.55905620e-35 -1.51195961e-25
   2.58486484e-21 -8.57524408e-36 -4.59291990e-25 -4.49595207e-26
   2.58487964e-21]]
(1430928, 18) [[ 0.00000000e+00  0.00000000e+00  0.00000000e+00  0.00000000e+00
   0.00000000e+00  0.00000000e+00  0.00000000e+00  0.00000000e+00
   0.00000000e+00  0.00000000e+00  0.00000000e+00  0.00000000e+00
   0.00000000e+00  0.00000000e+00  0.00000000e+00  0.00000000e+00
   0.00000000e+00  0.00000000e+00]
 [-4.99503927e+03 -2.93202027e+03 -2.37811802e+03  4.84482629e+02
   1.96562422e+03 -1.44614094e+03 -5.84825354e+03  5.64903173e+03
  -5.97678079e+01  3.21332664e+02  1.30369699e+03  1.08673778e+04
  -3.86637717e+04 -1.63631831e+04 -1.65080834e+04  3.84686491e+03
   1.56073372e+04 -2.43648865e+03]
 [ 3.47505635e+04  1.05784986e+04  6.62310360e+03  2.03702987e+03
   4.11305639e+03 -5.61163300e+01 -4.13643082e+03  1.31237695e+04
   1.96271633e+03  6.14401312e+02  1.95316987e+03  2.06753109e+04
   6.93965754e+04  2.51909278e+04  1.33386636e+04  4.88924361e+03
   1.34898922e+04  6.06090760e+03]
 [-4.99503927e+03 -2.93202027e+03 -2.37811802e+03  4.84482629e+02
   1.96562422e+03 -1.44614094e+03 -5.84825354e+03  5.64903173e+03
  -5.97678079e+01  3.21332664e+02  1.30369699e+03  1.08673778e+04
  -3.86637717e+04 -1.63631831e+04 -1.65080834e+04  3.84686491e+03
   1.56073372e+04 -2.43648865e+03]
 [-3.93751343e+03 -3.34299386e+03 -1.15193955e+03  5.05663057e+02
   6.66755679e+02 -1.26449618e+03 -1.03815197e+04  6.94219168e+03
   5.58438680e+02  2.84690022e+03  1.12507660e+03 -9.34308056e+03
  -2.70609149e+04 -8.94452410e+03 -5.84248983e+03  7.07302648e+03
   5.93685868e+03 -1.38720890e+04]]
(1430928, 9) [[ 0.01776923  0.00173941  0.         ...  0.01776923  0.00173941
   0.        ]
 [ 0.01776923  0.00173941  0.         ...  0.01376923  0.00173941
  -0.01      ]
 [ 0.01776923  0.00173941  0.         ...  0.01376923  0.00173941
   0.        ]
 ...
 [ 0.01943955  0.00141049  0.008      ...  0.0148588  -0.00590406
   0.008     ]
 [ 0.01943955  0.00141049  0.008      ...  0.02788275  0.0027683
   0.008     ]
 [ 0.01943955  0.00141049  0.008      ...  0.01723183  0.00967633
   0.008     ]]
total size 1430928
test size 1430928
test inputs(1430928, 9)
in bef scalenode[[ 0.01776923  0.00173941  0.          0.          0.          0.
   0.01776923  0.00173941  0.        ]
 [ 0.01776923  0.00173941  0.          0.004       0.          0.01
   0.01376923  0.00173941 -0.01      ]
 [ 0.01776923  0.00173941  0.          0.004       0.          0.
   0.01376923  0.00173941  0.        ]]
in get scalenode238.39179635470433
in af scalenode[[ 4.23603835  0.41466052  0.          0.          0.          0.
   4.23603835  0.41466052  0.        ]
 [ 4.23603835  0.41466052  0.          0.95356723  0.          2.38391791
   3.28247112  0.41466052 -2.38391791]
 [ 4.23603835  0.41466052  0.          0.95356723  0.          0.
   3.28247112  0.41466052  0.        ]]
test inputs(1430928, 9)
scaleS [3.44989236e+10 8.47864832e+10 1.22113547e+11 8.47864832e+10
 3.38917630e+10 1.24444008e+11 1.22113547e+11 1.24444008e+11
 4.58928291e+10] shape (9,)
label [[ 2.58476047e-21 -1.20271096e-35  4.55891268e-35 -5.97162489e-35
   2.58476047e-21 -8.57436056e-36  3.45290491e-35 -8.53964765e-36
   2.58476047e-21]
 [ 2.58476047e-21 -1.79838095e-26  4.55916914e-35 -5.97168038e-35
   2.58494419e-21 -8.57413859e-36 -4.59291990e-25 -4.49595207e-26
   2.58494419e-21]
 [ 2.58476047e-21 -1.79838095e-26  4.55916914e-35 -5.97162489e-35
   2.58494419e-21 -8.57413859e-36  3.45290491e-35 -8.54086521e-36
   2.58494419e-21]
 [ 2.58476883e-21 -1.59238721e-26  4.55913854e-35 -8.53774560e-26
   2.58492315e-21 -8.57473412e-36 -4.59291990e-25 -4.49595207e-26
   2.58493150e-21]
 [ 2.58477527e-21 -1.02159677e-26  4.55905620e-35 -1.51195961e-25
   2.58486484e-21 -8.57524408e-36 -4.59291990e-25 -4.49595207e-26
   2.58487964e-21]]
label scaled [[ 0.001 -0.001  0.001 -0.001  0.001 -0.001  0.001 -0.001  0.001]
 [ 0.001 -0.001  0.001 -0.001  0.001 -0.001 -0.001 -0.001  0.001]
 [ 0.001 -0.001  0.001 -0.001  0.001 -0.001  0.001 -0.001  0.001]
 [ 0.001 -0.001  0.001 -0.001  0.001 -0.001 -0.001 -0.001  0.001]
 [ 0.001 -0.001  0.001 -0.001  0.001 -0.001 -0.001 -0.001  0.001]]
(1430928, 1)
(1430928, 1)
(1430928, 1)
(1430928, 1)
(1430928, 1)
(1430928, 1)
(1430928, 1)
(1430928, 1)
(1430928, 1)
test inputs(1430928, 9)
scaleS [0.00094991 0.00286356 0.00244273 0.00535563 0.00277765 0.00201761
 0.00267518 0.00093565 0.00284272 0.0028924  0.00627649 0.00186801
 0.00313666 0.00334258 0.00106595 0.00227836 0.00221087 0.00618035] shape (18,)
label [[ 0.00000000e+00  0.00000000e+00  0.00000000e+00  0.00000000e+00
   0.00000000e+00  0.00000000e+00  0.00000000e+00  0.00000000e+00
   0.00000000e+00  0.00000000e+00  0.00000000e+00  0.00000000e+00
   0.00000000e+00  0.00000000e+00  0.00000000e+00  0.00000000e+00
   0.00000000e+00  0.00000000e+00]
 [-4.99503927e+03 -2.93202027e+03 -2.37811802e+03  4.84482629e+02
   1.96562422e+03 -1.44614094e+03 -5.84825354e+03  5.64903173e+03
  -5.97678079e+01  3.21332664e+02  1.30369699e+03  1.08673778e+04
  -3.86637717e+04 -1.63631831e+04 -1.65080834e+04  3.84686491e+03
   1.56073372e+04 -2.43648865e+03]
 [ 3.47505635e+04  1.05784986e+04  6.62310360e+03  2.03702987e+03
   4.11305639e+03 -5.61163300e+01 -4.13643082e+03  1.31237695e+04
   1.96271633e+03  6.14401312e+02  1.95316987e+03  2.06753109e+04
   6.93965754e+04  2.51909278e+04  1.33386636e+04  4.88924361e+03
   1.34898922e+04  6.06090760e+03]
 [-4.99503927e+03 -2.93202027e+03 -2.37811802e+03  4.84482629e+02
   1.96562422e+03 -1.44614094e+03 -5.84825354e+03  5.64903173e+03
  -5.97678079e+01  3.21332664e+02  1.30369699e+03  1.08673778e+04
  -3.86637717e+04 -1.63631831e+04 -1.65080834e+04  3.84686491e+03
   1.56073372e+04 -2.43648865e+03]
 [-3.93751343e+03 -3.34299386e+03 -1.15193955e+03  5.05663057e+02
   6.66755679e+02 -1.26449618e+03 -1.03815197e+04  6.94219168e+03
   5.58438680e+02  2.84690022e+03  1.12507660e+03 -9.34308056e+03
  -2.70609149e+04 -8.94452410e+03 -5.84248983e+03  7.07302648e+03
   5.93685868e+03 -1.38720890e+04]]
label scaled [[ 0.00000000e+00  0.00000000e+00  0.00000000e+00  0.00000000e+00
   0.00000000e+00  0.00000000e+00  0.00000000e+00  0.00000000e+00
   0.00000000e+00  0.00000000e+00  0.00000000e+00  0.00000000e+00
   0.00000000e+00  0.00000000e+00  0.00000000e+00  0.00000000e+00
   0.00000000e+00  0.00000000e+00]
 [-4.74585467e+00 -8.39701991e+00 -5.81008880e+00  2.59571209e+00
   5.46082215e+00 -2.91874714e+00 -1.56461402e+01  5.28649863e+00
  -1.70903149e-01  9.30421168e-01  8.18364688e+00  2.03014029e+01
  -1.21275994e+02 -5.46963056e+01 -1.75978647e+01  8.76553518e+00
   3.45067952e+01 -1.50593490e+01]
 [ 3.30110254e+01  3.02931796e+01  1.61794220e+01  1.09105883e+01
   1.14256437e+01 -1.14220819e-01 -1.10667036e+01  1.22802133e+01
   5.58045317e+00  1.77809162e+00  1.22600597e+01  3.86227495e+01
   2.17674261e+02  8.42037794e+01  1.42194076e+01  1.11404469e+01
   2.98253995e+01  3.74595213e+01]
 [-4.74585467e+00 -8.39701991e+00 -5.81008880e+00  2.59571209e+00
   5.46082215e+00 -2.91874714e+00 -1.56461402e+01  5.28649863e+00
  -1.70903149e-01  9.30421168e-01  8.18364688e+00  2.03014029e+01
  -1.21275994e+02 -5.46963056e+01 -1.75978647e+01  8.76553518e+00
   3.45067952e+01 -1.50593490e+01]
 [-3.74129671e+00 -9.57386800e+00 -2.81487175e+00  2.70914673e+00
   1.85301596e+00 -2.55225901e+00 -2.77734504e+01  6.49643964e+00
   1.58848486e+00  8.23536154e+00  7.06253698e+00 -1.74539959e+01
  -8.48818110e+01 -2.98988186e+01 -6.22882792e+00  1.61158860e+01
   1.31266234e+01 -8.57353444e+01]]
(1430928, 1)
(1430928, 1)
(1430928, 1)
(1430928, 1)
(1430928, 1)
(1430928, 1)
(1430928, 1)
(1430928, 1)
(1430928, 1)
(1430928, 1)
(1430928, 1)
(1430928, 1)
(1430928, 1)
(1430928, 1)
(1430928, 1)
(1430928, 1)
(1430928, 1)
(1430928, 1)

进程已结束，退出代码为 0
