D:\anaconda\envs\dhn\python.exe D:\fitting\gen_data_memm.py 
make strain False
attach_mode_len12878352
i_count1: 912 i_count2: 912
i_len14121
total_entries: 1430928
Using 27 workers, 114 chunks, chunk_size=8
(1430928, 9) [[ 2.58476047e-21 -1.20271096e-35  4.55891268e-35 -5.97162489e-35
   2.58476047e-21 -8.57436056e-36  3.45290491e-35 -8.53964765e-36
   2.58476047e-21]
 [ 2.58476047e-21 -1.79838095e-26  4.55916914e-35 -5.97168038e-35
   2.58494419e-21 -8.57413859e-36 -4.59291990e-25 -4.49595207e-26
   2.58494419e-21]
 [ 2.58476047e-21 -1.79838095e-26  4.55916914e-35 -5.97162489e-35
   2.58494419e-21 -8.57413859e-36  3.45290491e-35 -8.54086521e-36
   2.58494419e-21]
 [ 2.58476883e-21 -1.59238721e-26  4.55913854e-35 -8.53774560e-26
   2.58492315e-21 -8.57473412e-36 -4.59291990e-25 -4.49595207e-26
   2.58493150e-21]
 [ 2.58477527e-21 -1.02159677e-26  4.55905620e-35 -1.51195961e-25
   2.58486484e-21 -8.57524408e-36 -4.59291990e-25 -4.49595207e-26
   2.58487964e-21]]
(1430928, 18) [[ 0.00000000e+00  0.00000000e+00  0.00000000e+00  0.00000000e+00
   0.00000000e+00  0.00000000e+00  0.00000000e+00  0.00000000e+00
   0.00000000e+00  0.00000000e+00  0.00000000e+00  0.00000000e+00
   0.00000000e+00  0.00000000e+00  0.00000000e+00  0.00000000e+00
   0.00000000e+00  0.00000000e+00]
 [-4.99503927e+03 -2.93202027e+03 -2.37811802e+03  4.84482629e+02
   1.96562422e+03 -1.44614094e+03 -5.84825354e+03  5.64903173e+03
  -5.97678079e+01  3.21332664e+02  1.30369699e+03  1.08673778e+04
  -3.86637717e+04 -1.63631831e+04 -1.65080834e+04  3.84686491e+03
   1.56073372e+04 -2.43648865e+03]
 [ 3.47505635e+04  1.05784986e+04  6.62310360e+03  2.03702987e+03
   4.11305639e+03 -5.61163300e+01 -4.13643082e+03  1.31237695e+04
   1.96271633e+03  6.14401312e+02  1.95316987e+03  2.06753109e+04
   6.93965754e+04  2.51909278e+04  1.33386636e+04  4.88924361e+03
   1.34898922e+04  6.06090760e+03]
 [-4.99503927e+03 -2.93202027e+03 -2.37811802e+03  4.84482629e+02
   1.96562422e+03 -1.44614094e+03 -5.84825354e+03  5.64903173e+03
  -5.97678079e+01  3.21332664e+02  1.30369699e+03  1.08673778e+04
  -3.86637717e+04 -1.63631831e+04 -1.65080834e+04  3.84686491e+03
   1.56073372e+04 -2.43648865e+03]
 [-3.93751343e+03 -3.34299386e+03 -1.15193955e+03  5.05663057e+02
   6.66755679e+02 -1.26449618e+03 -1.03815197e+04  6.94219168e+03
   5.58438680e+02  2.84690022e+03  1.12507660e+03 -9.34308056e+03
  -2.70609149e+04 -8.94452410e+03 -5.84248983e+03  7.07302648e+03
   5.93685868e+03 -1.38720890e+04]]
(1430928, 9)
total size 1430928
test size 1430928
test inputs (1430928, 9)
in bef scalenode[[ 0.01776923  0.00173941  0.          0.          0.          0.
   0.01776923  0.00173941  0.        ]
 [ 0.01776923  0.00173941  0.          0.004       0.          0.01
   0.01376923  0.00173941 -0.01      ]
 [ 0.01776923  0.00173941  0.          0.004       0.          0.
   0.01376923  0.00173941  0.        ]]
in get scalenode259.1680973609535
in af scalenode[[ 4.60521719  0.45079897  0.          0.          0.          0.
   4.60521719  0.45079897  0.        ]
 [ 4.60521719  0.45079897  0.          1.03667244  0.          2.59168092
   3.56854476  0.45079897 -2.59168092]
 [ 4.60521719  0.45079897  0.          1.03667244  0.          0.
   3.56854476  0.45079897  0.        ]]
test inputs(1430928, 9)
scaleS [1.28950193e+11 2.55900043e+11 2.36229678e+11 3.90999256e+11
 9.06651665e+10 4.03868849e+11 2.77716350e+11 4.51315517e+11
 8.83637044e+10] shape (9,)
label [[ 2.58476047e-21 -1.20271096e-35  4.55891268e-35 -5.97162489e-35
   2.58476047e-21 -8.57436056e-36  3.45290491e-35 -8.53964765e-36
   2.58476047e-21]
 [ 2.58476047e-21 -1.79838095e-26  4.55916914e-35 -5.97168038e-35
   2.58494419e-21 -8.57413859e-36 -4.59291990e-25 -4.49595207e-26
   2.58494419e-21]
 [ 2.58476047e-21 -1.79838095e-26  4.55916914e-35 -5.97162489e-35
   2.58494419e-21 -8.57413859e-36  3.45290491e-35 -8.54086521e-36
   2.58494419e-21]
 [ 2.58476883e-21 -1.59238721e-26  4.55913854e-35 -8.53774560e-26
   2.58492315e-21 -8.57473412e-36 -4.59291990e-25 -4.49595207e-26
   2.58493150e-21]
 [ 2.58477527e-21 -1.02159677e-26  4.55905620e-35 -1.51195961e-25
   2.58486484e-21 -8.57524408e-36 -4.59291990e-25 -4.49595207e-26
   2.58487964e-21]]
label scaled [[ 0.001 -0.001  0.001 -0.001  0.001 -0.001  0.001 -0.001  0.001]
 [ 0.001 -0.001  0.001 -0.001  0.001 -0.001 -0.001 -0.001  0.001]
 [ 0.001 -0.001  0.001 -0.001  0.001 -0.001  0.001 -0.001  0.001]
 [ 0.001 -0.001  0.001 -0.001  0.001 -0.001 -0.001 -0.001  0.001]
 [ 0.001 -0.001  0.001 -0.001  0.001 -0.001 -0.001 -0.001  0.001]]
(1430928, 1)
(1430928, 1)
(1430928, 1)
(1430928, 1)
(1430928, 1)
(1430928, 1)
(1430928, 1)
(1430928, 1)
(1430928, 1)
test inputs(1430928, 9)
scaleS [0.00145344 0.00453975 0.00543522 0.01245924 0.0056261  0.00680708
 0.00495351 0.00218446 0.00453009 0.00443128 0.01192048 0.00314909
 0.00457974 0.00467055 0.00155215 0.00559507 0.00438819 0.01511161] shape (18,)
label [[ 0.00000000e+00  0.00000000e+00  0.00000000e+00  0.00000000e+00
   0.00000000e+00  0.00000000e+00  0.00000000e+00  0.00000000e+00
   0.00000000e+00  0.00000000e+00  0.00000000e+00  0.00000000e+00
   0.00000000e+00  0.00000000e+00  0.00000000e+00  0.00000000e+00
   0.00000000e+00  0.00000000e+00]
 [-4.99503927e+03 -2.93202027e+03 -2.37811802e+03  4.84482629e+02
   1.96562422e+03 -1.44614094e+03 -5.84825354e+03  5.64903173e+03
  -5.97678079e+01  3.21332664e+02  1.30369699e+03  1.08673778e+04
  -3.86637717e+04 -1.63631831e+04 -1.65080834e+04  3.84686491e+03
   1.56073372e+04 -2.43648865e+03]
 [ 3.47505635e+04  1.05784986e+04  6.62310360e+03  2.03702987e+03
   4.11305639e+03 -5.61163300e+01 -4.13643082e+03  1.31237695e+04
   1.96271633e+03  6.14401312e+02  1.95316987e+03  2.06753109e+04
   6.93965754e+04  2.51909278e+04  1.33386636e+04  4.88924361e+03
   1.34898922e+04  6.06090760e+03]
 [-4.99503927e+03 -2.93202027e+03 -2.37811802e+03  4.84482629e+02
   1.96562422e+03 -1.44614094e+03 -5.84825354e+03  5.64903173e+03
  -5.97678079e+01  3.21332664e+02  1.30369699e+03  1.08673778e+04
  -3.86637717e+04 -1.63631831e+04 -1.65080834e+04  3.84686491e+03
   1.56073372e+04 -2.43648865e+03]
 [-3.93751343e+03 -3.34299386e+03 -1.15193955e+03  5.05663057e+02
   6.66755679e+02 -1.26449618e+03 -1.03815197e+04  6.94219168e+03
   5.58438680e+02  2.84690022e+03  1.12507660e+03 -9.34308056e+03
  -2.70609149e+04 -8.94452410e+03 -5.84248983e+03  7.07302648e+03
   5.93685868e+03 -1.38720890e+04]]
label scaled [[ 0.00000000e+00  0.00000000e+00  0.00000000e+00  0.00000000e+00
   0.00000000e+00  0.00000000e+00  0.00000000e+00  0.00000000e+00
   0.00000000e+00  0.00000000e+00  0.00000000e+00  0.00000000e+00
   0.00000000e+00  0.00000000e+00  0.00000000e+00  0.00000000e+00
   0.00000000e+00  0.00000000e+00]
 [-7.26097119e+00 -1.33116534e+01 -1.29265980e+01  6.03728460e+00
   1.10597996e+01 -9.84499180e+00 -2.89704073e+01  1.23410960e+01
  -2.71753758e-01  1.42491591e+00  1.55416918e+01  3.42233250e+01
  -1.77071039e+02 -7.64261330e+01 -2.56240544e+01  2.15244798e+01
   6.84889915e+01 -3.68202626e+01]
 [ 5.05087290e+01  4.80247906e+01  3.59990347e+01  2.53808409e+01
   2.31414691e+01 -3.82988142e-01 -2.04908691e+01  2.86693777e+01
   8.89228850e+00  2.72358598e+00  2.32837192e+01  6.51093660e+01
   3.17819302e+02  1.17656593e+02  2.07046332e+01  2.73566619e+01
   5.91972367e+01  9.15910627e+01]
 [-7.26097119e+00 -1.33116534e+01 -1.29265980e+01  6.03728460e+00
   1.10597996e+01 -9.84499180e+00 -2.89704073e+01  1.23410960e+01
  -2.71753758e-01  1.42491591e+00  1.55416918e+01  3.42233250e+01
  -1.77071039e+02 -7.64261330e+01 -2.56240544e+01  2.15244798e+01
   6.84889915e+01 -3.68202626e+01]
 [-5.72392478e+00 -1.51773727e+01 -6.26204652e+00  6.30117660e+00
   3.75223453e+00 -8.60852201e+00 -5.14260058e+01  1.51659549e+01
   2.53077944e+00  1.26164200e+01  1.34124513e+01 -2.94231795e+01
  -1.23932966e+02 -4.17768844e+01 -9.06943217e+00  3.95750807e+01
   2.60530756e+01 -2.09630577e+02]]
(1430928, 1)
(1430928, 1)
(1430928, 1)
(1430928, 1)
(1430928, 1)
(1430928, 1)
(1430928, 1)
(1430928, 1)
(1430928, 1)
(1430928, 1)
(1430928, 1)
(1430928, 1)
(1430928, 1)
(1430928, 1)
(1430928, 1)
(1430928, 1)
(1430928, 1)
(1430928, 1)
All done.

进程已结束，退出代码为 0
